(0, 0): (-65.0000, -65.0000)
(0, 1): (-65.0000, -55.0000)
(0, 2): (-65.0000, -45.0000)
(0, 3): (-65.0000, -35.0000)
(0, 4): (-65.0000, -25.0000)
(0, 5): (-65.0000, -15.0000)
(0, 6): (-65.0000, -5.0000)
(0, 7): (-65.0000, 5.0000)
(0, 8): (-65.0000, 15.0000)
(0, 9): (-65.0000, 25.0000)
(0, 10): (-65.0000, 35.0000)
(0, 11): (-65.0000, 45.0000)
(0, 12): (-65.0000, 55.0000)
(0, 13): (-65.0000, 65.0000)
(0, 14): (-65.0000, 75.0000)
(0, 15): (-65.0000, 85.0000)
(1, 0): (-55.0000, -65.0000)
(1, 1): (-55.0000, -55.0000)
(1, 2): (-55.0000, -45.0000)
(1, 3): (-55.0000, -35.0000)
(1, 4): (-55.0000, -25.0000)
(1, 5): (-55.0000, -15.0000)
(1, 6): (-55.0000, -5.0000)
(1, 7): (-55.0000, 5.0000)
(1, 8): (-55.0000, 15.0000)
(1, 9): (-55.0000, 25.0000)
(1, 10): (-55.0000, 35.0000)
(1, 11): (-55.0000, 45.0000)
(1, 12): (-55.0000, 55.0000)
(1, 13): (-55.0000, 65.0000)
(1, 14): (-55.0000, 75.0000)
(1, 15): (-55.0000, 85.0000)
(2, 0): (-45.0000, -65.0000)
(2, 1): (-45.0000, -55.0000)
(2, 2): (-45.0000, -45.0000)
(2, 3): (-45.0000, -35.0000)
(2, 4): (-45.0000, -25.0000)
(2, 5): (-45.0000, -15.0000)
(2, 6): (-45.0000, -5.0000)
(2, 7): (-45.0000, 5.0000)
(2, 8): (-45.0000, 15.0000)
(2, 9): (-45.0000, 25.0000)
(2, 10): (-45.0000, 35.0000)
(2, 11): (-45.0000, 45.0000)
(2, 12): (-45.0000, 55.0000)
(2, 13): (-45.0000, 65.0000)
(2, 14): (-45.0000, 75.0000)
(2, 15): (-45.0000, 85.0000)
(3, 0): (-35.0000, -65.0000)
(3, 1): (-35.0000, -55.0000)
(3, 2): (-35.0000, -45.0000)
(3, 3): (-35.0000, -35.0000)
(3, 4): (-35.0000, -25.0000)
(3, 5): (-35.0000, -15.0000)
(3, 6): (-35.0000, -5.0000)
(3, 7): (-35.0000, 5.0000)
(3, 8): (-35.0000, 15.0000)
(3, 9): (-35.0000, 25.0000)
(3, 10): (-35.0000, 35.0000)
(3, 11): (-35.0000, 45.0000)
(3, 12): (-35.0000, 55.0000)
(3, 13): (-35.0000, 65.0000)
(3, 14): (-35.0000, 75.0000)
(3, 15): (-35.0000, 85.0000)
(4, 0): (-25.0000, -65.0000)
(4, 1): (-25.0000, -55.0000)
(4, 2): (-25.0000, -45.0000)
(4, 3): (-25.0000, -35.0000)
(4, 4): (-25.0000, -25.0000)
(4, 5): (-25.0000, -15.0000)
(4, 6): (-25.0000, -5.0000)
(4, 7): (-25.0000, 5.0000)
(4, 8): (-25.0000, 15.0000)
(4, 9): (-25.0000, 25.0000)
(4, 10): (-25.0000, 35.0000)
(4, 11): (-25.0000, 45.0000)
(4, 12): (-25.0000, 55.0000)
(4, 13): (-25.0000, 65.0000)
(4, 14): (-25.0000, 75.0000)
(4, 15): (-25.0000, 85.0000)
(5, 0): (-15.0000, -65.0000)
(5, 1): (-15.0000, -55.0000)
(5, 2): (-15.0000, -45.0000)
(5, 3): (-15.0000, -35.0000)
(5, 4): (-15.0000, -25.0000)
(5, 5): (-15.0000, -15.0000)
(5, 6): (-15.0000, -5.0000)
(5, 7): (-15.0000, 5.0000)
(5, 8): (-15.0000, 15.0000)
(5, 9): (-15.0000, 25.0000)
(5, 10): (-15.0000, 35.0000)
(5, 11): (-15.0000, 45.0000)
(5, 12): (-15.0000, 55.0000)
(5, 13): (-15.0000, 65.0000)
(5, 14): (-15.0000, 75.0000)
(5, 15): (-15.0000, 85.0000)
(6, 0): (-5.0000, -65.0000)
(6, 1): (-5.0000, -55.0000)
(6, 2): (-5.0000, -45.0000)
(6, 3): (-5.0000, -35.0000)
(6, 4): (-5.0000, -25.0000)
(6, 5): (-5.0000, -15.0000)
(6, 6): (-5.0000, -5.0000)
(6, 7): (-5.0000, 5.0000)
(6, 8): (-5.0000, 15.0000)
(6, 9): (-5.0000, 25.0000)
(6, 10): (-5.0000, 35.0000)
(6, 11): (-5.0000, 45.0000)
(6, 12): (-5.0000, 55.0000)
(6, 13): (-5.0000, 65.0000)
(6, 14): (-5.0000, 75.0000)
(6, 15): (-5.0000, 85.0000)
(7, 0): (5.0000, -65.0000)
(7, 1): (5.0000, -55.0000)
(7, 2): (5.0000, -45.0000)
(7, 3): (5.0000, -35.0000)
(7, 4): (5.0000, -25.0000)
(7, 5): (5.0000, -15.0000)
(7, 6): (5.0000, -5.0000)
(7, 7): (5.0000, 5.0000)
(7, 8): (5.0000, 15.0000)
(7, 9): (5.0000, 25.0000)
(7, 10): (5.0000, 35.0000)
(7, 11): (5.0000, 45.0000)
(7, 12): (5.0000, 55.0000)
(7, 13): (5.0000, 65.0000)
(7, 14): (5.0000, 75.0000)
(7, 15): (5.0000, 85.0000)
(8, 0): (15.0000, -65.0000)
(8, 1): (15.0000, -55.0000)
(8, 2): (15.0000, -45.0000)
(8, 3): (15.0000, -35.0000)
(8, 4): (15.0000, -25.0000)
(8, 5): (15.0000, -15.0000)
(8, 6): (15.0000, -5.0000)
(8, 7): (15.0000, 5.0000)
(8, 8): (15.0000, 15.0000)
(8, 9): (15.0000, 25.0000)
(8, 10): (15.0000, 35.0000)
(8, 11): (15.0000, 45.0000)
(8, 12): (15.0000, 55.0000)
(8, 13): (15.0000, 65.0000)
(8, 14): (15.0000, 75.0000)
(8, 15): (15.0000, 85.0000)
(9, 0): (25.0000, -65.0000)
(9, 1): (25.0000, -55.0000)
(9, 2): (25.0000, -45.0000)
(9, 3): (25.0000, -35.0000)
(9, 4): (25.0000, -25.0000)
(9, 5): (25.0000, -15.0000)
(9, 6): (25.0000, -5.0000)
(9, 7): (25.0000, 5.0000)
(9, 8): (25.0000, 15.0000)
(9, 9): (25.0000, 25.0000)
(9, 10): (25.0000, 35.0000)
(9, 11): (25.0000, 45.0000)
(9, 12): (25.0000, 55.0000)
(9, 13): (25.0000, 65.0000)
(9, 14): (25.0000, 75.0000)
(9, 15): (25.0000, 85.0000)
(10, 0): (35.0000, -65.0000)
(10, 1): (35.0000, -55.0000)
(10, 2): (35.0000, -45.0000)
(10, 3): (35.0000, -35.0000)
(10, 4): (35.0000, -25.0000)
(10, 5): (35.0000, -15.0000)
(10, 6): (35.0000, -5.0000)
(10, 7): (35.0000, 5.0000)
(10, 8): (35.0000, 15.0000)
(10, 9): (35.0000, 25.0000)
(10, 10): (35.0000, 35.0000)
(10, 11): (35.0000, 45.0000)
(10, 12): (35.0000, 55.0000)
(10, 13): (35.0000, 65.0000)
(10, 14): (35.0000, 75.0000)
(10, 15): (35.0000, 85.0000)
(11, 0): (45.0000, -65.0000)
(11, 1): (45.0000, -55.0000)
(11, 2): (45.0000, -45.0000)
(11, 3): (45.0000, -35.0000)
(11, 4): (45.0000, -25.0000)
(11, 5): (45.0000, -15.0000)
(11, 6): (45.0000, -5.0000)
(11, 7): (45.0000, 5.0000)
(11, 8): (45.0000, 15.0000)
(11, 9): (45.0000, 25.0000)
(11, 10): (45.0000, 35.0000)
(11, 11): (45.0000, 45.0000)
(11, 12): (45.0000, 55.0000)
(11, 13): (45.0000, 65.0000)
(11, 14): (45.0000, 75.0000)
(11, 15): (45.0000, 85.0000)
(12, 0): (55.0000, -65.0000)
(12, 1): (55.0000, -55.0000)
(12, 2): (55.0000, -45.0000)
(12, 3): (55.0000, -35.0000)
(12, 4): (55.0000, -25.0000)
(12, 5): (55.0000, -15.0000)
(12, 6): (55.0000, -5.0000)
(12, 7): (55.0000, 5.0000)
(12, 8): (55.0000, 15.0000)
(12, 9): (55.0000, 25.0000)
(12, 10): (55.0000, 35.0000)
(12, 11): (55.0000, 45.0000)
(12, 12): (55.0000, 55.0000)
(12, 13): (55.0000, 65.0000)
(12, 14): (55.0000, 75.0000)
(12, 15): (55.0000, 85.0000)
(13, 0): (65.0000, -65.0000)
(13, 1): (65.0000, -55.0000)
(13, 2): (65.0000, -45.0000)
(13, 3): (65.0000, -35.0000)
(13, 4): (65.0000, -25.0000)
(13, 5): (65.0000, -15.0000)
(13, 6): (65.0000, -5.0000)
(13, 7): (65.0000, 5.0000)
(13, 8): (65.0000, 15.0000)
(13, 9): (65.0000, 25.0000)
(13, 10): (65.0000, 35.0000)
(13, 11): (65.0000, 45.0000)
(13, 12): (65.0000, 55.0000)
(13, 13): (65.0000, 65.0000)
(13, 14): (65.0000, 75.0000)
(13, 15): (65.0000, 85.0000)
(14, 0): (75.0000, -65.0000)
(14, 1): (75.0000, -55.0000)
(14, 2): (75.0000, -45.0000)
(14, 3): (75.0000, -35.0000)
(14, 4): (75.0000, -25.0000)
(14, 5): (75.0000, -15.0000)
(14, 6): (75.0000, -5.0000)
(14, 7): (75.0000, 5.0000)
(14, 8): (75.0000, 15.0000)
(14, 9): (75.0000, 25.0000)
(14, 10): (75.0000, 35.0000)
(14, 11): (75.0000, 45.0000)
(14, 12): (75.0000, 55.0000)
(14, 13): (75.0000, 65.0000)
(14, 14): (75.0000, 75.0000)
(14, 15): (75.0000, 85.0000)
(15, 0): (85.0000, -65.0000)
(15, 1): (85.0000, -55.0000)
(15, 2): (85.0000, -45.0000)
(15, 3): (85.0000, -35.0000)
(15, 4): (85.0000, -25.0000)
(15, 5): (85.0000, -15.0000)
(15, 6): (85.0000, -5.0000)
(15, 7): (85.0000, 5.0000)
(15, 8): (85.0000, 15.0000)
(15, 9): (85.0000, 25.0000)
(15, 10): (85.0000, 35.0000)
(15, 11): (85.0000, 45.0000)
(15, 12): (85.0000, 55.0000)
(15, 13): (85.0000, 65.0000)
(15, 14): (85.0000, 75.0000)
(15, 15): (85.0000, 85.0000)